400	0.17 	0.07 	0.16 	0.02 
416	0.20 	0.08 	0.19 	0.02 
432	0.22 	0.09 	0.21 	0.02 
448	0.30 	0.10 	0.26 	0.02 
464	0.28 	0.11 	0.26 	0.03 
480	0.34 	0.13 	0.29 	0.03 
496	0.34 	0.14 	0.32 	0.03 
512	5.84 	0.16 	2.52 	0.03 
528	0.41 	0.17 	0.39 	0.04 
544	0.55 	0.18 	0.43 	0.04 
560	0.50 	0.21 	0.46 	0.04 
576	0.66 	0.22 	0.52 	0.05 
592	0.59 	0.24 	0.55 	0.05 
608	0.65 	0.26 	0.60 	0.06 
624	0.68 	0.28 	0.64 	0.06 
640	2.10 	0.31 	0.76 	0.06 
656	0.80 	0.33 	0.75 	0.07 
672	0.85 	0.37 	0.80 	0.08 
688	0.91 	0.39 	0.87 	0.08 
704	1.20 	0.41 	0.97 	0.09 
720	1.12 	0.44 	1.04 	0.09 
736	1.38 	0.47 	1.23 	0.10 
752	1.22 	0.50 	1.14 	0.11 
768	10.96 	0.55 	5.29 	0.11 
784	1.39 	0.57 	1.29 	0.12 
800	1.48 	0.60 	1.39 	0.13 
816	1.75 	0.65 	1.46 	0.14 
832	1.97 	0.69 	1.62 	0.15 
848	1.74 	0.72 	1.66 	0.15 
864	1.89 	0.76 	1.76 	0.16 
880	1.97 	0.81 	1.88 	0.17 
896	6.42 	0.87 	3.88 	0.18 
912	2.20 	0.89 	2.12 	0.19 
928	2.38 	0.96 	2.25 	0.20 
944	2.49 	0.99 	2.35 	0.21 
960	3.30 	1.06 	2.70 	0.22 
976	2.99 	1.11 	2.98 	0.23 
992	3.00 	1.18 	2.80 	0.24 
1008	5.90 	1.24 	6.18 	0.25 
1024	46.16 	1.55 	21.21 	0.26 
1040	5.88 	1.36 	6.64 	0.28 
1056	4.23 	1.47 	4.19 	0.30 
1072	5.68 	1.52 	5.76 	0.31 
1088	5.95 	1.61 	5.32 	0.32 
1104	5.71 	1.67 	6.26 	0.34 
1120	6.11 	1.73 	5.91 	0.35 
1136	6.53 	1.82 	6.93 	0.36 
1152	18.80 	1.97 	14.17 	0.38 
1168	7.49 	1.99 	8.32 	0.39 
1184	8.80 	2.07 	8.70 	0.42 
1200	8.71 	2.15 	9.34 	0.43 
1216	9.42 	2.25 	9.22 	0.45 
1232	10.33 	2.31 	12.24 	0.46 
1248	10.21 	2.41 	10.00 	0.48 
1264	11.11 	2.50 	12.78 	0.49 
1280	53.66 	2.81 	26.26 	0.51 
1296	14.37 	2.71 	13.08 	0.53 
1312	10.96 	2.82 	10.90 	0.55 
1328	15.42 	2.93 	14.93 	0.58 
1344	14.47 	3.05 	14.18 	0.59 
1360	14.48 	3.13 	16.70 	0.62 
1376	16.09 	3.26 	15.34 	0.64 
1392	16.23 	3.37 	15.88 	0.66 
