# ./ips-mat-mul-demo-plot.sh
# Linux pphome2 3.16.0-4-amd64 #1 SMP Debian 3.16.36-1+deb8u2 (2016-10-19) x86_64 GNU/Linux
# Tue 29 Nov 00:03:13 CET 2016
400	0.16 	0.07 	0.15 	0.02 
416	0.22 	0.08 	0.16 	0.02 
432	0.20 	0.09 	0.19 	0.02 
448	0.57 	0.09 	0.24 	0.02 
464	0.26 	0.10 	0.24 	0.03 
480	0.36 	0.12 	0.27 	0.03 
496	0.32 	0.14 	0.31 	0.03 
512	6.50 	0.15 	2.96 	0.04 
528	0.39 	0.15 	0.37 	0.04 
544	0.60 	0.17 	0.40 	0.04 
560	0.47 	0.19 	0.44 	0.04 
576	1.22 	0.22 	0.52 	0.05 
592	0.61 	0.24 	0.52 	0.05 
608	0.70 	0.26 	0.56 	0.06 
624	0.66 	0.28 	0.60 	0.06 
640	2.39 	0.30 	0.99 	0.07 
656	0.75 	0.34 	0.70 	0.07 
672	0.94 	0.35 	0.76 	0.08 
688	0.86 	0.38 	0.82 	0.08 
704	2.24 	0.40 	0.98 	0.09 
720	1.15 	0.44 	1.00 	0.10 
736	1.37 	0.47 	1.16 	0.10 
752	1.13 	0.49 	1.09 	0.11 
768	11.69 	0.56 	5.93 	0.12 
784	1.30 	0.57 	1.22 	0.12 
800	1.68 	0.61 	1.30 	0.13 
816	1.79 	0.65 	1.39 	0.14 
832	3.80 	0.69 	1.85 	0.15 
848	1.61 	0.73 	1.57 	0.16 
864	2.14 	0.74 	1.65 	0.17 
880	1.91 	0.80 	1.76 	0.18 
896	8.40 	0.86 	4.76 	0.18 
912	2.04 	0.90 	2.00 	0.19 
928	2.61 	0.93 	2.10 	0.21 
944	2.41 	0.98 	2.22 	0.21 
960	5.79 	1.03 	2.97 	0.22 
976	2.82 	1.10 	2.73 	0.24 
992	3.33 	1.17 	2.66 	0.25 
1008	5.35 	1.24 	5.65 	0.26 
1024	51.18 	1.43 	25.18 	0.27 
1040	5.92 	1.32 	5.90 	0.29 
1056	4.42 	1.45 	3.94 	0.30 
1072	5.07 	1.50 	4.94 	0.31 
1088	8.43 	1.56 	5.33 	0.33 
1104	5.84 	1.63 	5.75 	0.34 
1120	6.30 	1.68 	5.93 	0.36 
1136	6.80 	1.80 	6.37 	0.37 
1152	22.73 	1.97 	13.30 	0.39 
1168	7.15 	1.94 	7.07 	0.41 
1184	8.61 	2.05 	8.36 	0.42 
1200	8.95 	2.12 	8.81 	0.44 
1216	11.96 	2.21 	9.28 	0.46 
1232	10.33 	2.33 	10.41 	0.47 
1248	10.07 	2.43 	9.68 	0.49 
1264	11.61 	2.54 	10.85 	0.51 
1280	53.37 	2.71 	26.91 	0.53 
1296	12.60 	2.72 	12.17 	0.55 
1312	11.72 	2.77 	11.06 	0.57 
1328	13.26 	2.94 	13.87 	0.59 
1344	17.73 	3.03 	15.14 	0.61 
1360	14.54 	3.12 	14.32 	0.63 
1376	14.94 	3.25 	14.83 	0.66 
1392	15.39 	3.33 	16.04 	0.70 
