# ips-mat-mul-demo-plot.sh  ips-mat-mul-demo.log
# Linux pcperinger 3.16.0-4-amd64 #1 SMP Debian 3.16.36-1+deb8u2 (2016-10-19) x86_64 GNU/Linux
# Tue 29 Nov 19:29:04 CET 2016
# CFLAGS=-O3
400	0.06 	0.02 	0.05 	0.01 
416	0.08 	0.02 	0.06 	0.01 
432	0.08 	0.03 	0.07 	0.01 
448	0.11 	0.03 	0.09 	0.01 
464	0.10 	0.03 	0.09 	0.01 
480	0.12 	0.03 	0.10 	0.02 
496	0.12 	0.04 	0.11 	0.02 
512	0.28 	0.04 	0.18 	0.02 
528	0.15 	0.05 	0.13 	0.02 
544	0.18 	0.05 	0.15 	0.02 
560	0.18 	0.06 	0.15 	0.03 
576	0.24 	0.06 	0.22 	0.03 
592	0.22 	0.07 	0.18 	0.03 
608	0.25 	0.07 	0.21 	0.03 
624	0.26 	0.08 	0.22 	0.03 
640	0.38 	0.08 	0.36 	0.04 
656	0.37 	0.09 	0.26 	0.04 
672	0.38 	0.10 	0.28 	0.04 
688	0.38 	0.11 	0.33 	0.05 
704	0.54 	0.11 	0.50 	0.05 
720	0.44 	0.14 	0.39 	0.05 
736	0.70 	0.14 	0.66 	0.06 
752	0.53 	0.14 	0.58 	0.06 
768	1.16 	0.16 	0.98 	0.07 
784	0.67 	0.18 	0.76 	0.07 
800	0.78 	0.19 	0.65 	0.07 
816	0.78 	0.21 	0.69 	0.08 
832	1.07 	0.26 	1.08 	0.08 
848	0.92 	0.23 	0.76 	0.09 
864	1.06 	0.25 	1.50 	0.09 
880	1.75 	0.27 	0.89 	0.10 
896	1.44 	0.29 	1.40 	0.10 
912	1.18 	0.31 	1.05 	0.11 
928	1.48 	0.33 	1.35 	0.11 
944	2.54 	0.35 	2.09 	0.12 
960	2.46 	0.38 	1.86 	0.13 
976	2.07 	0.40 	2.69 	0.13 
992	3.62 	0.43 	3.10 	0.14 
1008	5.59 	0.45 	5.68 	0.15 
1024	6.86 	0.50 	6.68 	0.15 
1040	6.26 	0.53 	6.34 	0.16 
1056	3.40 	0.53 	3.46 	0.17 
1072	5.79 	0.56 	4.90 	0.18 
1088	5.23 	0.58 	5.27 	0.18 
1104	6.09 	0.61 	6.26 	0.19 
1120	6.08 	0.64 	6.27 	0.19 
1136	7.37 	0.68 	7.68 	0.20 
1152	7.28 	0.77 	7.29 	0.21 
1168	8.10 	0.80 	7.94 	0.23 
1184	9.94 	0.77 	10.13 	0.24 
1200	10.60 	0.84 	10.75 	0.26 
1216	9.74 	0.89 	9.76 	0.25 
1232	11.59 	0.88 	11.92 	0.26 
1248	11.16 	1.00 	11.58 	0.28 
1264	13.11 	1.05 	13.25 	0.28 
1280	14.32 	1.06 	14.64 	0.29 
1296	14.89 	1.12 	14.71 	0.30 
1312	12.27 	1.08 	12.56 	0.32 
1328	16.05 	1.21 	16.28 	0.32 
1344	17.03 	1.19 	17.33 	0.33 
1360	17.44 	1.22 	17.85 	0.35 
1376	18.94 	1.45 	18.88 	0.36 
1392	18.49 	1.60 	19.04 	0.38 
