448		0.07 		0.02 
512		0.11 		0.03 
576		0.16 		0.05 
640		0.23 		0.06 
704		0.31 		0.09 
768		0.44 		0.11 
832		0.57 		0.14 
896		0.72 		0.17 
960		2.15 		0.21 
1024		3.30 		0.26 
1088		3.82 		0.31 
1152		4.50 		0.36 
1216		5.38 		0.42 
1280		6.27 		0.49 
1344		7.17 		0.56 
1408		8.24 		0.65 
1472		9.79 		0.74 
1536		10.73 		0.84 
1600		12.14 		0.95 
1664		13.63 		1.07 
1728		15.89 		1.19 
1792		17.24 		1.32 
1856		19.15 		1.48 
1920		21.86 		1.63 
1984		23.78 		1.81 
2048		26.49 		1.97 
2112		28.85 		2.16 
2176		30.68 		2.36 
2240		33.15 		2.56 
2304		36.48 		2.80 
2368		39.71 		3.03 
2432		42.58 		3.27 
2496		45.76 		3.54 
2560		51.82 		3.81 
2624		53.51 		4.11 
2688		58.24 		4.39 
2752		61.42 		4.74 
2816		65.56 		5.06 
2880		70.42 		5.42 
2944		76.00 		5.79 
3008		83.55 		6.17 
3072		85.77 		6.55 
3136		91.10 		6.96 
3200		96.24 		7.42 
3264		104.08 		7.92 
3328		108.85 		8.32 
3392		119.16 		8.81 
3456		125.56 		9.31 
3520		133.50 		9.84 
3584		135.71 		10.33 
3648		143.04 		10.98 
3712		149.75 		11.56 
3776		158.78 		12.14 
3840		179.08 		12.75 
3904		181.77 		13.40 
3968		183.30 		14.07 
4032		196.48 		14.75 
4096		215.09 		15.56 
4160		214.41 		16.33 
4224		225.50 		17.01 
4288		234.58 		17.77 
4352		254.80 		18.57 
4416		255.94 		19.37 
4480		266.72 		20.15 
4544		278.53 		21.12 
4608		301.83 		22.01 
4672		302.82 		22.99 
4736		317.94 		23.84 
4800		333.15 		24.87 
4864		360.03 		25.84 
4928		369.34 		26.80 
4992		373.82 		27.92 
5056		385.26 		29.03 
5120		422.54 		30.11 
5184		413.55 		31.31 
5248		447.62 		32.41 
5312		461.59 		33.65 
5376		472.64 		34.75 
5440		505.46 		36.16 
5504		501.18 		37.44 
5568		533.13 		38.76 
5632		555.66 		39.98 
5696		567.27 		41.42 
5760		569.72 		42.86 
5824		607.60 		44.24 
5888		616.66 		45.72 
5952		709.46 		47.32 
6016		652.14 		48.78 
6080		674.68 		50.24 
6144		782.07 		51.87 
6208		720.35 		53.48 
6272		764.70 		55.09 
6336		763.94 		57.02 
6400		788.62 		58.62 
6464		802.88 		60.43 
6528		828.65 		62.19 
6592		880.14 		64.14 
6656		898.38 		65.81 
6720		901.62 		67.73 
6784		935.49 		69.86 
6848		965.15 		71.83 
6912		992.52 		73.88 
6976		1012.97 	75.91 
7040		1082.59 	77.98 
7104		1061.75 	80.13 
7168		1175.89 	82.04 
7232		1162.44 	84.60 
7296		1204.89 	86.88 
7360		1198.60 	88.99 
7424		1237.51 	91.39 
7488		1262.55 	93.90 
7552		1285.67 	96.19 
7616		1318.66 	98.60 
7680		1382.36 	101.13 
7744		1437.82 	103.77 
7808		1419.46 	106.30 
7872		1473.55 	109.16 
7936		1505.26 	111.75 
8000		1529.43 	114.26 
8064		1567.18 	116.94 
8128		1597.33 	119.93 
8192		2136.36 	123.50 
8256		1741.01 	126.17 
