# data for GNUPLOT
# PARAMETERS: MSIZE = 40960000 KB
# block size in KB      transfer rate in B/clock

     0.125 1.3061
     0.133 1.2364
     0.141 1.3091
     0.148 1.3818
     0.156 1.4545
     0.164 1.5273
     0.172 1.5304
     0.180 1.5862
     0.188 1.6552
     0.195 1.7241
     0.203 1.7931
     0.211 1.8621
     0.219 1.9145
     0.227 2.0531
     0.234 1.9835
     0.242 2.0840
     0.250 2.1333
     0.258 2.2185
     0.273 2.3529
     0.289 2.4667
     0.305 2.4567
     0.320 2.5827
     0.336 2.7087
     0.352 2.8346
     0.367 2.8060
     0.383 2.9254
     0.398 3.0222
     0.414 3.1407
     0.430 3.0769
     0.445 3.2113
     0.461 3.3007
     0.477 3.4126
     0.492 3.3377
     0.508 3.4667
     0.539 3.6316
     0.570 3.6500
     0.602 3.8742
     0.633 3.8802
     0.664 4.0719
     0.695 4.0455
     0.727 4.2514
     0.758 4.2404
     0.789 4.4153
     0.820 4.3979
     0.852 4.5654
     0.883 4.5427
     0.914 4.7035
     0.945 4.4404
     0.977 4.5872
     1.008 4.5066
     1.070 4.6050
     1.133 4.7347
     1.195 4.8379
     1.258 4.9160
     1.320 5.0074
     1.383 5.0935
     1.445 5.1748
     1.508 5.2696
     1.570 5.3422
     1.633 5.4110
     1.695 5.4937
     1.758 5.5385
     1.820 5.5808
     1.883 5.6374
     1.945 5.6914
     2.008 5.7430
     2.133 5.8396
     2.258 5.9282
     2.383 6.0247
     2.508 6.0998
     2.633 6.1693
     2.758 6.2340
     2.883 6.2942
     3.008 6.3374
     3.133 6.3904
     3.258 6.4651
     3.383 6.4991
     3.508 6.5428
     3.633 6.5841
     3.758 6.6117
     3.883 6.6488
     4.008 6.6949
     4.258 6.7702
     4.508 6.8083
     4.758 6.8620
     5.008 6.9111
     5.258 6.9741
     5.508 6.9975
     5.758 7.0442
     6.008 7.0876
     6.258 7.1121
     6.508 7.1349
     6.758 7.1710
     7.008 7.1976
     7.258 7.2225
     7.508 7.2392
     7.758 7.2747
     8.008 7.2889
     8.508 7.3272
     9.008 7.3498
     9.508 7.3926
    10.008 7.4261
    10.508 7.4412
    11.008 7.4649
    11.508 7.4914
    12.008 7.5067
    12.508 7.5297
    13.008 7.5467
    13.508 7.5585
    14.008 7.5734
    14.508 7.5912
    15.008 7.6004
    15.508 7.6163
    16.008 7.6313
    17.008 7.6487
    18.008 7.6674
    19.008 7.6842
    20.008 7.6965
    21.008 7.7104
    22.008 7.7231
    23.008 7.7373
    24.008 7.7503
    25.008 7.7600
    26.008 7.7644
    27.008 7.7751
    28.008 7.7305
    29.008 7.7394
    30.008 7.7051
    31.008 7.7105
    32.008 7.6957
    34.008 6.4633
    36.008 5.8695
    38.008 5.3198
    40.008 5.1669
    42.008 4.8181
    44.008 4.7084
    46.008 4.4341
    48.008 4.3760
    50.008 4.1758
    52.008 4.1374
    54.008 3.9890
    56.008 3.9518
    58.008 3.8165
    60.008 3.7663
    62.008 3.7545
    64.008 3.7695
    68.008 3.7719
    72.008 3.7711
    76.008 3.7709
    80.008 3.7725
    84.008 3.7741
    88.008 3.7755
    92.008 3.7389
    96.008 3.7021
   100.008 3.8032
   104.008 3.8062
   108.008 3.8067
   112.008 3.8071
   116.008 3.8074
   120.008 3.8078
   124.008 3.8081
   128.008 3.6994
   136.008 3.8088
   144.008 3.8064
   152.008 3.8098
   160.008 3.8061
   168.008 3.8105
   176.008 3.8108
   184.008 3.7594
   192.008 3.6095
   200.008 3.6691
   208.008 3.6476
   216.008 3.6545
   224.008 3.4049
   232.008 3.3472
   240.008 3.0680
   248.008 2.8653
   256.008 2.7983
   272.008 2.4979
   288.008 2.2268
   304.008 2.0966
   320.008 1.9637
   336.008 1.9090
   352.008 1.8736
   368.008 1.8553
   384.008 1.8460
   400.008 1.7816
   416.008 1.7831
   432.008 1.7799
   448.008 1.7802
   464.008 1.7806
   480.008 1.7806
   496.008 1.7810
   512.008 1.7802
   544.008 1.7805
   576.008 1.7811
   608.008 1.7798
   640.008 1.7789
   672.008 1.7801
   704.008 1.7803
   736.008 1.7822
   768.008 1.7823
   800.008 1.7809
   832.008 1.7791
   864.008 1.7813
   896.008 1.7813
   928.008 1.7786
   960.008 1.7811
   992.008 1.7793
  1024.008 1.7807
  1088.008 1.7701
  1152.008 1.7669
  1216.008 1.7624
  1280.008 1.7580
  1344.008 1.7545
  1408.008 1.7500
  1472.008 1.7470
  1536.008 1.7439
  1600.008 1.7438
  1664.008 1.7384
  1728.008 1.7334
  1792.008 1.7322
  1856.008 1.7276
  1920.008 1.7253
  1984.008 1.7200
  2048.008 1.7141
  2176.008 1.7041
  2304.008 1.6900
  2432.008 1.6747
  2560.008 1.6459
  2688.008 1.5963
  2816.008 1.5011
  2944.008 1.3726
  3072.008 1.2557
  3200.008 1.1053
  3328.008 1.0310
  3456.008 0.9278
  3584.008 0.8324
  3712.008 0.7725
  3840.008 0.7259
  3968.008 0.6971
  4096.008 0.6805
  4352.008 0.6607
  4608.008 0.6531
  4864.008 0.6480
  5120.008 0.6448
  5376.008 0.6450
  5632.008 0.6447
  5888.008 0.6436
  6144.008 0.6417
  6400.008 0.6433
  6656.008 0.6451
  6912.008 0.6421
  7168.008 0.6437
  7424.008 0.6420
  7680.008 0.6427
  7936.008 0.6425
  8192.008 0.6422
  8704.008 0.6423
  9216.008 0.6439
  9728.008 0.6423
 10240.008 0.6420
 10752.008 0.6434
 11264.008 0.6437
 11776.008 0.6440
 12288.008 0.6446
 12800.008 0.6429
 13312.008 0.6445
 13824.008 0.6449
 14336.008 0.6435
 14848.008 0.6446
 15360.008 0.6446
 15872.008 0.6458
 16384.008 0.6452
 17408.008 0.6453
 18432.008 0.6457
 19456.008 0.6462
 20480.008 0.6463
 21504.008 0.6464
 22528.008 0.6461
 23552.008 0.6465
 24576.008 0.6478
 25600.008 0.6477
 26624.008 0.6477
 27648.008 0.6470
 28672.008 0.6473
 29696.008 0.6477
 30720.008 0.6479
 31744.008 0.6478
 32768.008 0.6477
 34816.008 0.6487
 36864.008 0.6476
 38912.008 0.6490
 40960.008 0.6485
 43008.008 0.6492
 45056.008 0.6491
 47104.008 0.6494
 49152.008 0.6502
 51200.008 0.6489
 53248.008 0.6497
 55296.008 0.6503
 57344.008 0.6503
 59392.008 0.6503
 61440.008 0.6501
 63488.008 0.6504
 65536.008 0.6505
 69632.008 0.6506
 73728.008 0.6510
 77824.008 0.6509
 81920.008 0.6509
 86016.008 0.6512
 90112.008 0.6508
 94208.008 0.6510
 98304.008 0.6512
102400.008 0.6510
106496.008 0.6505
110592.008 0.6507
114688.008 0.6505
118784.008 0.6508
122880.008 0.6507
126976.008 0.6505
131072.008 0.6508
139264.008 0.6508
147456.008 0.6505
155648.008 0.6511
163840.008 0.6508
172032.008 0.6508
180224.008 0.6511
188416.008 0.6510
196608.008 0.6510
204800.008 0.6509
212992.008 0.6510
221184.008 0.6509
229376.008 0.6508
237568.008 0.6504
245760.008 0.6507
253952.008 0.6512
262144.008 0.6505
278528.008 0.6506
294912.008 0.6505
311296.008 0.6508
327680.008 0.6512
344064.008 0.6507
360448.008 0.6515
376832.008 0.6511
393216.008 0.6508
409600.008 0.6509
425984.008 0.6513
442368.008 0.6511
458752.008 0.6505
475136.008 0.6505
491520.008 0.6507
507904.008 0.6511
524288.008 0.6505
557056.008 0.6508
589824.008 0.6513
622592.008 0.6509
655360.008 0.6512
688128.008 0.6510
720896.008 0.6510
753664.008 0.6511
786432.008 0.6510
819200.008 0.6510
851968.008 0.6514
884736.008 0.6513
917504.008 0.6515
950272.008 0.6518
983040.008 0.6515
1015808.008 0.6517
1048576.008 0.6516
1114112.008 0.6517
1179648.008 0.6517
1245184.008 0.6518
1310720.008 0.6519
1376256.008 0.6520
1441792.008 0.6520
1507328.008 0.6521
1572864.008 0.6524
1638400.008 0.6523
1703936.008 0.6523
1769472.008 0.6524
1835008.008 0.6523
1900544.008 0.6524
1966080.008 0.6523
2031616.008 0.6523
2097152.008 0.6524
2228224.008 0.6522
2359296.008 0.6520
2490368.008 0.6521
2621440.008 0.6522
2752512.008 0.6519
2883584.008 0.6519
3014656.008 0.6520
3145728.008 0.6520
3276800.008 0.6522
3407872.008 0.6523
3538944.008 0.6523
3670016.008 0.6524
3801088.008 0.6523
3932160.008 0.6524
4063232.008 0.6524
4194304.008 0.6524
4456448.008 0.6525
4718592.008 0.6525
4980736.008 0.6526
5242880.008 0.6528
5505024.008 0.6527
5767168.008 0.6528
6029312.008 0.6527
6291456.008 0.6529
6553600.008 0.6530
6815744.008 0.6530
7077888.008 0.6529
7340032.008 0.6529
7602176.008 0.6531
7864320.008 0.6530
8126464.008 0.6530
8388608.008 0.6532
8912896.008 0.6530
9437184.008 0.6531
9961472.008 0.6531
10485760.008 0.6531
11010048.008 0.6532
11534336.008 0.6532
12058624.008 0.6531
12582912.008 0.6532
13107200.008 0.6530
13631488.008 0.6530
14155776.008 0.6446
14680064.008 0.6445
15204352.008 0.6445
15728640.008 0.6421
16252928.008 0.6386
16777216.008 0.6353
17825792.008 0.6293
18874368.008 0.6241
19922944.008 0.6195
20971520.008 0.6154
22020096.008 0.6118
23068672.008 0.6083
24117248.008 0.6054
25165824.008 0.6026
26214400.008 0.6002
27262976.008 0.5977
28311552.008 0.5957
29360128.008 0.5940
30408704.008 0.5921
31457280.008 0.5904
32505856.008 0.5890
33554432.008 0.5877
35651584.008 0.5856
37748736.008 0.5836
39845888.008 0.5818
# data for GNUPLOT
# PARAMETERS: MSIZE = 40960000 KB
# block size in KB      transfer rate in B/clock

     0.125 1.2549
     0.133 1.2364
     0.141 1.2857
     0.148 1.3571
     0.156 1.4545
     0.164 1.5000
     0.172 1.5043
     0.180 1.5726
     0.188 1.6134
     0.195 1.7241
     0.203 1.7778
     0.211 1.8462
     0.219 1.8824
     0.227 2.0351
     0.234 1.9835
     0.242 2.0496
     0.250 2.1333
     0.258 2.1818
     0.273 2.3140
     0.289 2.4463
     0.305 2.4000
     0.320 2.5426
     0.336 2.6875
     0.352 2.7907
     0.367 2.7445
     0.383 2.8613
     0.398 2.9781
     0.414 3.1176
     0.430 3.0137
     0.445 3.1448
     0.461 3.2552
     0.477 3.4126
     0.492 3.2727
     0.508 3.3987
     0.539 3.6078
     0.570 3.5610
     0.602 3.7333
     0.633 3.7895
     0.664 3.9766
     0.695 4.0226
     0.727 4.2273
     0.758 4.1946
     0.789 4.3913
     0.820 4.3523
     0.852 4.5417
     0.883 4.4975
     0.914 4.6800
     0.945 4.4000
     0.977 4.5872
     1.008 4.4870
     1.070 4.5858
     1.133 4.7154
     1.195 4.8189
     1.258 4.8973
     1.320 5.0074
     1.383 5.0753
     1.445 5.1748
     1.508 5.2339
     1.570 5.3069
     1.633 5.4110
     1.695 5.4763
     1.758 5.5046
     1.820 5.5642
     1.883 5.6210
     1.945 5.6914
     2.008 5.7270
     2.133 5.8240
     2.258 5.9130
     2.383 5.9951
     2.508 6.0709
     2.633 6.1412
     2.758 6.1930
     2.883 6.2675
     3.008 6.3244
     3.133 6.3651
     3.258 6.4277
     3.383 6.4748
     3.508 6.5191
     3.633 6.5841
     3.758 6.6117
     3.883 6.6488
     4.008 6.6840
     4.258 6.7388
     4.508 6.8183
     4.758 6.8523
     5.008 6.9111
     5.258 6.9471
     5.508 6.9888
     5.758 7.0274
     6.008 7.0631
     6.258 7.0963
     6.508 7.1273
     6.758 7.1562
     7.008 7.1904
     7.258 7.2085
     7.508 7.2392
     7.758 7.2548
     8.008 7.2760
     8.508 7.3149
     9.008 7.3615
     9.508 7.3869
    10.008 7.4100
    10.508 7.4361
    11.008 7.4600
    11.508 7.4819
    12.008 7.5021
    12.508 7.5208
    13.008 7.5382
    13.508 7.5543
    14.008 7.5694
    14.508 7.5835
    15.008 7.5966
    15.508 7.6090
    16.008 7.6206
    17.008 7.6419
    18.008 7.6674
    19.008 7.6842
    20.008 7.6936
    21.008 7.7076
    22.008 7.7231
    23.008 7.7322
    24.008 7.7454
    25.008 7.7530
    26.008 7.7622
    27.008 7.7707
    28.008 7.7829
    29.008 7.7415
    30.008 7.7498
    31.008 7.7614
    32.008 7.7029
    34.008 6.4705
    36.008 5.8892
    38.008 5.3213
    40.008 5.1734
    42.008 4.7817
    44.008 4.7128
    46.008 4.4605
    48.008 4.3803
    50.008 4.1912
    52.008 4.1402
    54.008 3.9613
    56.008 3.9463
    58.008 3.8133
    60.008 3.7694
    62.008 3.7574
    64.008 3.7693
    68.008 3.7713
    72.008 3.7653
    76.008 3.7702
    80.008 3.7725
    84.008 3.7743
    88.008 3.7709
    92.008 3.7387
    96.008 3.6984
   100.008 3.8018
   104.008 3.8062
   108.008 3.8081
   112.008 3.8068
   116.008 3.8074
   120.008 3.8075
   124.008 3.8076
   128.008 3.6742
   136.008 3.8087
   144.008 3.8094
   152.008 3.8106
   160.008 3.6701
   168.008 3.8087
   176.008 3.8085
   184.008 3.7795
   192.008 3.6956
   200.008 3.6215
   208.008 3.6070
   216.008 3.6294
   224.008 3.3089
   232.008 3.2150
   240.008 2.9961
   248.008 2.7130
   256.008 2.5809
   272.008 2.3906
   288.008 2.1465
   304.008 2.0655
   320.008 2.0281
   336.008 2.0242
   352.008 1.9802
   368.008 1.9509
   384.008 1.9197
   400.008 1.8336
   416.008 1.8306
   432.008 1.8192
   448.008 1.7692
   464.008 1.7445
   480.008 1.7332
   496.008 1.7346
   512.008 1.7344
   544.008 1.7333
   576.008 1.7318
   608.008 1.7312
   640.008 1.7318
   672.008 1.7320
   704.008 1.7327
   736.008 1.7300
   768.008 1.7312
   800.008 1.7317
   832.008 1.7319
   864.008 1.7315
   896.008 1.7320
   928.008 1.7313
   960.008 1.7330
   992.008 1.7322
  1024.008 1.7316
  1088.008 1.7237
  1152.008 1.7211
  1216.008 1.7165
  1280.008 1.7120
  1344.008 1.7090
  1408.008 1.7051
  1472.008 1.7030
  1536.008 1.7018
  1600.008 1.6971
  1664.008 1.6918
  1728.008 1.6867
  1792.008 1.6850
  1856.008 1.6803
  1920.008 1.6758
  1984.008 1.6712
  2048.008 1.6571
  2176.008 1.6197
  2304.008 1.5808
  2432.008 1.4468
  2560.008 1.4126
  2688.008 1.3645
  2816.008 1.3280
  2944.008 1.2890
  3072.008 1.2203
  3200.008 1.1329
  3328.008 1.0309
  3456.008 0.9466
  3584.008 0.8684
  3712.008 0.7927
  3840.008 0.7438
  3968.008 0.7008
  4096.008 0.6793
  4352.008 0.6530
  4608.008 0.6452
  4864.008 0.6384
  5120.008 0.6368
  5376.008 0.6342
  5632.008 0.6339
  5888.008 0.6317
  6144.008 0.6284
  6400.008 0.6300
  6656.008 0.6297
  6912.008 0.6301
  7168.008 0.6294
  7424.008 0.6288
  7680.008 0.6296
  7936.008 0.6290
  8192.008 0.6295
  8704.008 0.6304
  9216.008 0.6317
  9728.008 0.6325
 10240.008 0.6336
 10752.008 0.6332
 11264.008 0.6357
 11776.008 0.6363
 12288.008 0.6364
 12800.008 0.6383
 13312.008 0.6380
 13824.008 0.6386
 14336.008 0.6387
 14848.008 0.6393
 15360.008 0.6391
 15872.008 0.6400
 16384.008 0.6409
 17408.008 0.6425
 18432.008 0.6429
 19456.008 0.6426
 20480.008 0.6424
 21504.008 0.6435
 22528.008 0.6432
 23552.008 0.6448
 24576.008 0.6449
 25600.008 0.6456
 26624.008 0.6457
 27648.008 0.6454
 28672.008 0.6453
 29696.008 0.6459
 30720.008 0.6459
 31744.008 0.6462
 32768.008 0.6466
 34816.008 0.6460
 36864.008 0.6462
 38912.008 0.6469
 40960.008 0.6474
 43008.008 0.6474
 45056.008 0.6484
 47104.008 0.6480
 49152.008 0.6491
 51200.008 0.6480
 53248.008 0.6486
 55296.008 0.6484
 57344.008 0.6487
 59392.008 0.6491
 61440.008 0.6488
 63488.008 0.6489
 65536.008 0.6494
 69632.008 0.6489
 73728.008 0.6492
 77824.008 0.6501
 81920.008 0.6496
 86016.008 0.6503
 90112.008 0.6503
 94208.008 0.6503
 98304.008 0.6507
102400.008 0.6500
106496.008 0.6499
110592.008 0.6505
114688.008 0.6507
118784.008 0.6509
122880.008 0.6503
126976.008 0.6507
131072.008 0.6509
139264.008 0.6506
147456.008 0.6512
155648.008 0.6508
163840.008 0.6512
172032.008 0.6513
180224.008 0.6514
188416.008 0.6514
196608.008 0.6512
204800.008 0.6513
212992.008 0.6512
221184.008 0.6510
229376.008 0.6510
237568.008 0.6517
245760.008 0.6515
253952.008 0.6518
262144.008 0.6514
278528.008 0.6514
294912.008 0.6514
311296.008 0.6518
327680.008 0.6514
344064.008 0.6520
360448.008 0.6515
376832.008 0.6516
393216.008 0.6513
409600.008 0.6514
425984.008 0.6515
442368.008 0.6512
458752.008 0.6514
475136.008 0.6518
491520.008 0.6517
507904.008 0.6516
524288.008 0.6514
557056.008 0.6517
589824.008 0.6517
622592.008 0.6516
655360.008 0.6512
688128.008 0.6510
720896.008 0.6505
753664.008 0.6506
786432.008 0.6506
819200.008 0.6506
851968.008 0.6507
884736.008 0.6506
917504.008 0.6507
950272.008 0.6507
983040.008 0.6505
1015808.008 0.6509
1048576.008 0.6507
1114112.008 0.6505
1179648.008 0.6507
1245184.008 0.6507
1310720.008 0.6506
1376256.008 0.6512
1441792.008 0.6509
1507328.008 0.6508
1572864.008 0.6510
1638400.008 0.6509
1703936.008 0.6511
1769472.008 0.6509
1835008.008 0.6512
1900544.008 0.6513
1966080.008 0.6510
2031616.008 0.6512
2097152.008 0.6512
2228224.008 0.6512
2359296.008 0.6513
2490368.008 0.6512
2621440.008 0.6514
2752512.008 0.6513
2883584.008 0.6515
3014656.008 0.6513
3145728.008 0.6514
3276800.008 0.6513
3407872.008 0.6511
3538944.008 0.6512
3670016.008 0.6512
3801088.008 0.6511
3932160.008 0.6509
4063232.008 0.6510
4194304.008 0.6510
4456448.008 0.6510
4718592.008 0.6510
4980736.008 0.6508
5242880.008 0.6508
5505024.008 0.6509
5767168.008 0.6510
6029312.008 0.6509
6291456.008 0.6512
6553600.008 0.6512
6815744.008 0.6510
7077888.008 0.6510
7340032.008 0.6512
7602176.008 0.6512
7864320.008 0.6512
8126464.008 0.6512
8388608.008 0.6512
8912896.008 0.6513
9437184.008 0.6514
9961472.008 0.6513
10485760.008 0.6513
11010048.008 0.6512
11534336.008 0.6512
12058624.008 0.6511
12582912.008 0.6509
13107200.008 0.6509
13631488.008 0.6509
14155776.008 0.6427
14680064.008 0.6426
15204352.008 0.6427
15728640.008 0.6402
16252928.008 0.6366
16777216.008 0.6333
17825792.008 0.6274
18874368.008 0.6221
19922944.008 0.6174
20971520.008 0.6133
22020096.008 0.6096
23068672.008 0.6063
24117248.008 0.6034
25165824.008 0.6006
26214400.008 0.5982
27262976.008 0.5961
28311552.008 0.5940
29360128.008 0.5921
30408704.008 0.5902
31457280.008 0.5887
32505856.008 0.5873
33554432.008 0.5861
35651584.008 0.5838
37748736.008 0.5819
39845888.008 0.5801
