# ./ips-mat-mul-demo-plot-opt.sh  ips-mat-mul-demo-opt.log
# Linux pcperinger 3.16.0-4-amd64 #1 SMP Debian 3.16.36-1+deb8u2 (2016-10-19) x86_64 GNU/Linux
# Tue 29 Nov 19:17:33 CET 2016
# CFLAGS=-O0 -O2 -O3 -O3 -funroll-loops
400	0.28 	0.04 	0.02 	0.02 
416	0.31 	0.04 	0.02 	0.02 
432	0.36 	0.04 	0.03 	0.02 
448	0.30 	0.05 	0.03 	0.02 
464	0.29 	0.06 	0.03 	0.03 
480	0.39 	0.06 	0.04 	0.03 
496	0.43 	0.07 	0.04 	0.03 
512	0.40 	0.07 	0.04 	0.04 
528	0.52 	0.08 	0.05 	0.04 
544	0.57 	0.09 	0.05 	0.04 
560	0.51 	0.10 	0.06 	0.05 
576	0.72 	0.12 	0.06 	0.05 
592	0.90 	0.12 	0.07 	0.06 
608	1.00 	0.12 	0.07 	0.06 
624	0.69 	0.13 	0.08 	0.07 
640	0.96 	0.15 	0.09 	0.08 
656	1.21 	0.16 	0.09 	0.09 
672	1.31 	0.18 	0.11 	0.08 
688	0.93 	0.18 	0.10 	0.09 
704	1.53 	0.20 	0.11 	0.10 
720	1.08 	0.22 	0.13 	0.11 
736	1.17 	0.23 	0.14 	0.16 
752	1.23 	0.24 	0.15 	0.13 
768	1.73 	0.25 	0.15 	0.14 
784	1.41 	0.28 	0.17 	0.16 
800	2.25 	0.30 	0.20 	0.17 
816	1.56 	0.32 	0.20 	0.20 
832	2.50 	0.34 	0.21 	0.20 
848	1.74 	0.36 	0.23 	0.20 
864	2.88 	0.39 	0.25 	0.22 
880	1.95 	0.41 	0.27 	0.25 
896	2.41 	0.44 	0.29 	0.26 
912	2.17 	0.46 	0.31 	0.29 
928	2.28 	0.48 	0.33 	0.30 
944	2.40 	0.52 	0.35 	0.32 
960	3.11 	0.55 	0.37 	0.34 
976	2.67 	0.60 	0.45 	0.40 
992	3.44 	0.61 	0.43 	0.39 
1008	3.63 	0.65 	0.46 	0.43 
1024	3.22 	0.69 	0.48 	0.45 
1040	3.97 	0.72 	0.51 	0.47 
1056	4.16 	0.75 	0.53 	0.49 
1072	3.55 	0.79 	0.56 	0.52 
1088	4.56 	0.83 	0.59 	0.55 
1104	3.88 	0.86 	0.62 	0.58 
1120	4.05 	0.91 	0.64 	0.60 
1136	4.22 	0.95 	0.68 	0.63 
1152	5.72 	0.99 	0.72 	0.67 
1168	6.86 	1.04 	0.74 	0.70 
1184	7.15 	1.08 	0.80 	0.73 
1200	5.00 	1.12 	0.81 	0.80 
1216	7.86 	1.18 	0.84 	0.80 
1232	5.40 	1.21 	0.87 	0.83 
1248	5.60 	1.27 	0.92 	0.87 
1264	5.80 	1.32 	0.95 	0.91 
1280	7.78 	1.38 	1.00 	0.97 
1296	9.41 	1.42 	1.04 	0.99 
1312	9.76 	1.49 	1.08 	1.03 
1328	6.77 	1.52 	1.11 	1.07 
1344	10.45 	1.59 	1.15 	1.11 
1360	7.40 	1.69 	1.41 	1.32 
1376	7.60 	1.74 	1.44 	1.28 
1392	7.99 	1.82 	1.42 	1.26 
